1411.6436
377.2543
437.1466
368.6362
870.9255
1083.6667
91.3224
486.7238
95.001
179.8312
124.8179
134.183
266.8921
246.5023
1660.1678
88.7269
44.2265
128.3953
60.4231
141.8696
551.0859
508.2096
271.578
281.9111
200.8502
121.3918
293.0499
67.6222
104.9029
49.1552
344.0583
116.2446
60.4678
267.7211
240.9275
349.3319
150.3635
517.1534
141.7105
97.7425
345.6601
95.2355
113.9601
518.7352
387.8621
110.8519
320.2733
124.8237
136.5671
176.8134
317.0145
181.2718
854.7689
93.9784
189.2331
319.1362
205.5869
228.0456
107.6144
51.2597
72.0454
1211.1713
400.9798
69.8136
57.6828
318.1656
133.6981
184.7656
87.5338
77.923
258.3157
314.4165
435.4788
213.1817
231.0316
405.8736
177.8053
388.3207
139.1158
558.2962
114.4808
96.9825
78.1451
420.8512
119.4697
110.6818
429.2031
259.5151
118.0988
186.6595
259.2567
81.3067
214.9129
485.8351
112.4037
194.9111
618.9258
199.9098
343.7314
1018.5765
130.0901
84.3721
219.1806
235.3478
316.5642
493.9182
75.7565
86.8292
275.3985
179.3036
190.3067
375.4921
79.561
85.7529
109.5577
539.1494
307.5771
45.3309
111.1368
348.1822
122.3215
235.9842
212.1556
110.5932
87.1769
141.899
776.4789
500.0096
538.0861
375.565
296.7072
201.042
155.4423
142.4904
175.8343
314.0602
482.8474
141.7905
230.3638
353.1761
540.5193
221.3314
155.9617
205.0984
177.8342
272.8985
55.3071
193.79
106.1582
685.0619
150.8711
176.6896
162.4348
104.9614
150.8689
139.2005
351.7286
113.2882
241.8987
387.7637
94.8631
1286.0436
422.4615
303.2644
445.2963
593.5447
154.2867
156.6639
102.0263
259.3776
168.9272
252.9815
138.0361
514.0554
1935.3433
271.7806
248.7267
94.8293
92.6377
697.6518
86.6935
259.7731
103.7473
375.3193
494.779
85.9457
80.7702
175.5568
381.2393
372.7294
479.451
117.9189
182.5813
63.6578
123.7458
213.2576
225.414
153.6415
125.3723
368.354
358.5175
140.6772
252.1197
69.6388
193.0225
81.8931
144.0156
162.1634
117.7734
42.8535
139.5682
813.603
325.8075
221.7426
95.0339
550.1501
208.7083
134.1968
301.358
658.6387
126.8352
146.9686
1236.7323
178.7904
259.4568
134.841
350.4678
82.9075
171.3249
116.8923
186.7755
98.1676
238.2135
296.7274
277.0127
243.2837
121.2342
206.3929
112.8737
306.7999
92.8435
268.7343
272.1276
60.859
160.3669
134.1318
109.4554
87.5638
317.1816
93.8732
224.6477
362.1161
265.5131
287.7833
161.0414
100.2299
53.1597
196.9966
709.9593
59.9758
39.9006
156.9758
1229.8269
434.2555
732.0485
79.8507
156.0239
130.8316
158.6212
163.128
232.1352
168.7146
356.9694
288.886
846.8954
58.8152
327.9747
279.6353
422.7278
237.0121
218.6388
75.7862
296.9905
288.0256
38.5266
93.8852
288.3102
108.7804
76.9437
711.4259
160.0829
799.9802
72.3148
86.3581
196.8379
181.8441
96.6098
938.133
568.8912
162.123
282.8087
71.2382
183.4216
162.0045
72.6422
106.2751
187.6045
209.8972
142.2532
161.0441
132.4753
218.2529
109.9835
65.8617
200.1364
111.1649
119.2545
300.2814
254.779
96.1945
285.4723
494.1675
118.0971
201.5247
251.6252
83.9548
384.2628
142.111
15.9589
415.3981
101.3923
129.568
66.6635
